Day :0
1 2 4 8
Day :1
14 13 11 7
Day :2
0 0 0 0
Day :3
14 13 11 7
Day :4
1 2 4 8
Day :5
0 0 0 0
Day :6
1 2 4 8
Day :7
14 13 11 7
Day :8
0 0 0 0
Day :9
14 13 11 7
Day :10
1 2 4 8
Day :11
0 0 0 0
Day :12
1 2 4 8
Day :13
14 13 11 7 
Day :14
0 0 0 0
Day :15
14 13 11 7
Day :16
1 2 4 8
Day :17
0 0 0 0
Day :18
1 2 4 8
Day :19
14 13 11 7
Day :20
0 0 0 0
Day :21
14 13 11 7
Day :22
1 2 4 8
Day :23
0 0 0 0
Day :24
1 2 4 8
Day :25
14 13 11 7
Day :26
0 0 0 0
Day :27
14 13 11 7
Day :28
1 2 4 8
Day :29
0 0 0 

1 5 2 0 7 3 4
7 1 5 6 2 2 0
4 1 7 3 3 5 6
6 7 2 4 4 7 3
5 2 5 0 6 2 4
7 5 1 0 5 5 0
4 7 7 0 1 1 0
0 4 4 6 7 7 0
0 6 0 3 2 4 6
6 3 6 2 3 0 3
5 4 5 3 4 6 2
1 6 7 2 6 5 3
1 5 2 0 7 3 4